60 52 38 93 22 100
60 41 30 36 7 37
17 32 37 99 64 23
30 31 11 71 69 11
74 66 31 70 61 60
49 58 79 78 58 37
71 41 38 65 94 27
88 37 51 11 67 28
32 34 58 62 56 29
34 81 57 85 68 9
98 42 88 47 8 16
13 84 97 51 74 13
66 21 92 98 63 93
98 91 60 76 16 46
92 71 21 71 9 97
19 42 43 87 88 81
15 5 91 51 85 5
70 18 36 31 64 63
53 7 46 14 62 7
61 99 80 88 91 56
15 52 75 57 72 44
20 50 85 84 98 56
52 38 87 34 84 20
61 57 92 96 38 90
44 72 34 39 9 1
50 55 70 90 19 80
87 7 14 4 61 33
76 60 37 69 38 91
99 71 91 92 53 43
97 16 73 22 56 63
80 90 48 87 19 87
15 57 66 2 14 38
32 21 76 11 77 6
21 45 20 32 34 31
86 53 79 37 64 27
67 27 65 26 22 6
5 31 14 91 6 52
7 45 70 98 89 67
14 44 40 22 17 95
91 71 38 15 85 23
21 50 10 88 68 44
20 53 44 41 33 31
55 38 79 18 81 92
60 75 74 76 42 100
99 46 15 43 42 31
21 41 25 38 14 12
39 1 100 10 82 24
46 6 92 29 67 87
88 18 89 31 98 87
4 9 24 85 14 76
68 74 98 71 62 58
91 85 90 87 15 65
38 52 78 37 80 25
6 25 18 40 73 63
87 42 31 25 61 66
1 97 39 96 22 62
78 57 32 39 11 21
86 46 77 59 80 53
19 9 100 97 64 20
10 58 89 61 61 2
8 75 66 62 81 51
43 87 89 37 72 5
8 69 28 80 61 88
64 70 89 62 52 9
1 33 79 41 71 33
22 78 45 87 93 40
30 29 7 79 95 58
70 38 63 99 80 28
58 56 47 95 84 35
87 49 73 62 3 3
4 29 68 86 90 8
29 61 54 42 98 66
98 53 73 49 41 31
61 63 56 14 82 3
62 21 56 25 75 42
82 92 66 17 68 10
85 13 5 85 52 30
49 35 41 57 85 2
67 7 4 88 41 40
59 4 77 31 84 64
70 60 85 35 77 67
83 31 82 33 27 32
29 67 94 90 81 41
72 1 80 14 49 4
36 23 69 77 60 87
92 91 97 90 50 39
19 50 46 83 90 89
11 78 93 90 24 4
34 3 85 23 55 41
42 59 22 91 6 15
20 97 24 36 20 55
53 60 61 82 72 74
71 39 81 80 10 12
66 4 94 76 54 76
39 46 6 60 73 58
58 65 32 94 30 73
85 69 96 47 42 12
17 2 56 22 17 62
56 42 74 67 6 40
99 25 29 78 58 52
91 15 91 33 8 79
63 55 73 68 45 98
30 41 59 77 97 2
5 21 24 26 95 89
66 13 9 84 17 30
46 90 18 100 14 83
27 92 89 80 47 56
26 98 54 36 31 52
33 62 83 89 39 38
20 54 74 56 20 20
12 18 38 66 18 13
66 18 27 82 76 4
70 11 64 51 5 87
53 69 55 11 57 84
96 12 76 69 5 99
45 40 70 5 40 75
74 96 45 38 94 61
73 100 61 93 36 96
39 64 87 70 74 14
5 75 51 76 49 24
40 84 55 5 32 15
23 19 58 87 51 74
10 42 9 37 51 66
7 82 44 86 70 81
35 30 84 94 76 58
3 96 60 94 41 37
26 61 94 71 40 17
15 54 79 71 79 2
22 10 44 94 91 38
100 43 13 73 57 45
27 68 38 43 93 43
94 16 5 7 20 68
41 23 46 79 31 67
10 27 77 15 12 40
51 14 44 99 39 29
61 71 33 57 26 95
1 68 97 62 62 41
17 15 49 76 25 78
38 58 69 82 2 88
77 73 5 3 60 28
39 75 66 32 24 44
44 6 55 16 69 93
92 44 86 42 19 67
29 48 83 31 43 19
80 22 99 70 44 35
3 16 98 69 14 89
27 21 96 95 44 18
62 22 42 23 46 78
47 55 93 15 46 67
11 21 81 28 44 23
46 23 16 79 13 78
22 19 34 55 84 64
11 29 91 9 76 12
26 95 34 20 67 12
30 4 82 60 18 72
71 26 73 95 90 24
34 3 63 61 26 48
29 61 76 51 44 31
14 3 29 3 86 66
53 93 32 52 68 47
32 89 96 2 41 60
56 29 100 31 16 40
41 70 69 84 91 17
24 40 69 56 8 50
15 11 15 96 42 8
10 84 34 38 34 28
62 10 69 93 38 79
70 26 61 15 56 11
18 78 75 80 69 3
72 70 88 15 78 28
30 46 60 40 81 33
26 27 14 60 48 26
94 35 63 33 22 88
58 28 28 86 86 10
75 41 83 45 67 68
92 97 42 58 44 90
38 71 61 39 36 49
84 60 89 65 77 8
81 87 100 31 42 16
83 54 46 45 15 17
93 32 23 83 59 52
9 93 84 82 98 43
94 38 82 82 31 63
69 43 39 42 5 44
71 5 45 54 2 13
23 7 95 38 88 54
66 45 88 90 15 88
53 20 78 8 90 40
63 2 97 10 20 1
34 29 86 57 14 77
20 60 33 85 54 39
79 64 60 99 75 62
24 64 73 89 57 75
60 61 67 62 86 29
21 55 25 57 46 58
51 47 80 75 13 30
93 39 90 9 100 76
63 14 73 96 14 18
50 18 92 87 4 37
94 42 53 72 6 22
40 97 63 73 35 52
75 68 76 29 75 51
59 34 92 8 51 87
60 100 33 74 18 69
33 3 70 30 21 31
80 3 46 95 24 88
29 88 55 44 99 56
29 91 96 39 68 17
2 83 19 55 99 17
25 27 89 84 63 78
22 70 38 65 54 36
21 41 67 82 38 84
25 68 30 4 7 4
74 53 9 97 28 70
95 71 40 80 22 38
100 7 38 77 55 14
96 28 18 67 9 16
3 20 4 93 16 83
14 50 76 19 13 37
18 10 70 5 64 58
4 46 79 42 51 27
60 30 45 65 84 6
27 33 26 71 69 46
26 98 59 96 36 32
16 19 54 71 59 50
88 35 18 100 38 25
93 85 6 63 11 23
5 70 2 88 1 87
12 62 66 77 27 39
73 33 63 51 45 91
19 89 91 30 36 67
23 21 35 34 34 23
58 1 98 96 64 20
26 18 71 48 94 14
27 75 45 30 98 28
73 65 71 8 31 24
11 6 38 11 55 5
77 84 100 56 73 46
38 52 50 36 62 88
9 11 5 50 75 64
57 30 86 78 13 90
35 59 91 25 54 37
9 67 10 82 16 78
40 1 22 18 26 47
96 96 53 71 15 83
11 96 50 68 5 5
55 95 73 16 36 24
26 87 64 69 41 76
54 15 93 5 59 81
42 36 68 31 49 85
74 40 6 6 23 65
41 55 82 29 44 89
21 48 69 64 18 82
94 60 50 70 20 36
57 93 99 84 7 11
4 16 79 82 59 13
25 3 95 11 35 42
79 52 24 79 14 73
12 86 24 19 73 10
11 84 28 35 46 5
8 41 27 29 29 4
95 6 76 88 25 51
51 14 58 76 19 83
24 70 32 25 24 25
58 89 80 24 46 3
69 74 73 86 25 28
29 94 57 26 65 5
61 28 51 85 3 22
49 36 58 5 25 2
27 12 86 23 43 36
13 12 96 66 14 67
18 30 4 99 81 93
41 72 86 100 46 9
58 41 14 30 22 71
70 27 96 68 50 71
26 43 100 83 3 85
83 17 42 12 81 29
43 95 100 13 23 31
56 64 91 43 33 21
48 39 17 53 21 85
15 20 21 26 64 26
27 96 98 97 73 60
98 3 49 10 75 97
67 26 23 57 27 31
99 40 11 32 49 25
80 96 71 55 63 61
94 19 46 12 5 52
68 41 22 29 21 94
6 20 96 92 47 39
41 14 48 84 9 58
59 57 73 9 44 42
11 30 17 64 97 50
29 99 81 93 32 97
21 29 3 69 54 66
74 34 82 55 10 29
2 18 94 53 42 30
16 20 90 9 27 86
75 85 29 28 90 4
44 29 24 99 9 72
66 25 29 39 9 61
78 77 31 68 29 31
45 57 100 93 36 12
2 14 55 77 99 93
12 57 3 56 99 100
16 68 76 75 13 68
23 68 66 98 29 41
88 1 1 79 49 19
55 28 16 44 79 22
81 33 51 50 64 28
2 60 55 93 4 3
12 48 41 83 88 97
100 82 74 8 83 61
28 43 25 35 32 2
74 53 85 54 2 69
21 83 67 93 79 73
50 62 6 44 74 79
90 26 96 62 54 49
48 26 100 43 33 31
71 20 76 5 75 36
34 34 79 17 37 20
58 55 40 72 20 80
47 18 79 61 93 90
30 29 31 22 73 33
10 32 60 76 83 100
62 55 68 84 83 67
37 9 85 14 61 77
29 100 37 39 44 9
24 30 22 90 49 36
39 31 82 90 76 30
20 3 57 21 80 41
39 33 59 61 54 65
100 30 96 91 4 97
30 87 21 32 97 29
77 22 20 8 64 72
64 84 41 51 87 46
64 18 3 7 27 73
7 51 6 97 68 59
50 93 64 38 98 41
21 18 32 92 1 67
81 2 85 22 75 14
8 61 82 88 85 75
90 95 45 44 83 22
41 64 67 30 40 84
93 2 53 70 34 16
99 3 17 27 47 6
27 42 61 67 39 74
87 5 21 36 31 80
42 52 41 21 66 6
62 51 98 81 84 45
2 37 3 31 78 24
12 36 33 48 31 29
2 23 68 60 13 21
36 39 92 80 14 46
21 36 9 75 74 76
59 26 66 61 76 11
70 19 99 19 51 59
46 48 66 97 33 92
33 24 92 55 72 36
26 51 88 75 48 18
44 34 89 59 8 32
46 10 79 62 35 13
80 99 72 25 23 3
81 71 88 4 57 34
85 72 18 50 50 48
70 35 65 50 97 8
11 59 21 31 70 1
40 28 64 39 31 63
84 59 87 63 5 13
41 5 86 24 10 36
91 18 53 57 29 32
15 95 17 76 86 39
21 97 73 13 45 52
47 40 92 10 49 9
68 4 76 7 85 47
78 69 76 47 52 44
51 91 17 85 16 51
98 36 66 25 10 35
59 15 52 19 25 60
100 9 78 85 16 68
43 8 45 24 40 58
2 49 6 17 63 92
32 13 46 43 31 35
90 16 56 22 63 71
77 81 96 15 53 38
15 26 25 99 46 11
61 4 41 22 61 97
2 43 10 41 75 42
57 32 3 85 78 35
47 1 81 81 7 93
20 16 64 8 25 61
55 84 18 66 4 35
23 21 62 21 85 16
51 9 78 100 51 24
19 51 83 79 87 65
94 55 21 89 82 52
100 37 43 93 62 50
17 10 56 56 47 52
48 34 51 47 61 11
14 40 10 23 49 63
11 10 99 32 36 86
41 89 24 35 74 84
2 32 9 96 55 22
86 6 34 78 46 8
51 37 98 59 36 48
4 49 80 56 77 27
24 85 22 70 9 4
92 82 20 62 41 50
32 14 40 60 17 12
66 97 50 38 20 21
28 43 21 66 82 66
82 33 63 16 39 5
15 45 52 65 33 15
47 77 74 89 25 78
15 33 7 51 93 22
14 26 33 90 20 93
56 18 53 19 50 88
42 10 87 52 25 14
7 27 78 62 77 24
38 21 88 33 28 32
49 76 27 87 5 86
75 38 18 89 11 92
100 35 65 32 42 45
90 10 50 72 16 16
73 5 51 23 42 91
68 33 87 69 95 41
37 19 37 23 38 88
43 71 58 48 52 3
37 66 45 19 67 3
23 25 80 43 3 54
50 94 84 98 31 19
96 86 50 77 1 91
88 3 56 9 50 85
61 5 60 82 5 2
67 29 88 66 42 65
14 5 100 2 50 46
78 24 33 16 27 10
6 94 58 67 72 52
76 62 34 97 29 91
58 51 93 61 73 44
51 1 78 60 77 64
4 34 27 77 39 5
4 29 81 70 62 56
6 67 33 100 28 24
41 19 19 14 54 41
43 39 50 47 11 80
98 94 95 98 12 35
51 75 70 39 96 42
95 58 15 82 37 40
100 46 38 99 28 43
100 3 73 88 15 91
96 40 76 68 89 45
96 39 28 97 25 60
63 17 33 46 25 75
5 5 83 38 39 4
22 100 16 22 79 39
74 82 44 24 43 32
21 6 91 14 71 33
2 98 25 52 61 4
20 6 54 79 33 83
35 35 60 62 90 68
40 20 69 7 83 68
5 100 90 45 90 8
36 8 43 26 93 17
96 29 88 79 20 49
56 67 93 97 51 71
31 82 88 18 78 25
78 39 97 81 74 97
66 67 89 74 60 60
42 38 76 74 9 66
51 32 77 58 31 44
62 43 94 52 65 54
83 69 57 81 16 56
31 3 33 71 19 32
29 82 100 28 57 13
33 32 84 52 74 18
76 80 6 60 37 66
69 6 58 26 23 15
98 88 81 32 82 43
7 78 93 69 42 6
33 32 82 83 40 27
12 62 49 91 80 59
27 90 62 53 20 53
37 92 14 13 7 10
69 19 86 32 51 61
65 11 47 38 57 90
50 30 35 98 12 11
53 31 37 58 19 86
15 31 65 90 14 23
32 97 80 20 37 38
92 56 22 48 14 66
64 26 59 24 1 10
70 47 20 28 24 85
85 58 53 26 46 24
26 47 88 51 60 30
69 25 30 43 31 25
21 52 35 97 34 21
94 61 96 90 29 23
20 20 90 49 72 93
83 3 73 27 12 14
94 88 67 23 35 3
21 41 93 46 27 11