27 12 19 19 12 27
43 24 25 25 24 43
22 49 29 29 49 22
45 10 55 55 13 42
18 84 90 90 84 18
15 84 35 35 84 15
48 11 28 28 11 48
61 21 82 82 46 36
77 20 97 97 17 80
55 31 86 86 3 83
86 83 57 57 83 86
37 84 11 11 84 37
98 95 73 73 95 98
61 31 92 92 60 32
88 93 89 89 93 88
22 2 32 32 2 22
79 19 98 98 22 76
74 12 39 39 12 74
7 86 93 93 17 76
77 60 92 92 60 77
80 31 24 96 100 26
23 42 75 75 42 23
47 25 72 72 5 67
47 74 43 43 74 47
1 40 41 41 25 16
59 17 52 26 49 37
2 79 53 53 79 2
1 18 86 86 18 1
97 33 70 70 33 97
34 42 82 41 54 2
63 25 88 88 58 30
99 66 67 67 66 99
48 18 75 75 18 48
59 9 69 46 31 51
65 12 77 77 57 20
39 29 60 60 29 39
89 18 2 44 67 19
24 74 18 30 54 56
28 72 100 100 73 27
77 99 6 6 99 77
82 12 94 94 9 85
28 14 42 42 3 39
61 76 17 17 76 61
20 27 36 36 27 20
49 67 90 90 67 49
95 40 36 42 25 100
6 48 48 72 27 34
44 19 63 63 17 46
86 84 5 5 84 86
89 18 32 8 87 26
24 72 2 2 72 24
9 33 14 28 21 27
8 88 47 47 88 8
7 87 30 30 87 7
91 80 56 56 80 91
36 32 29 58 4 48
19 69 88 88 7 81
18 66 84 84 58 26
7 45 74 74 45 7
38 34 84 56 58 4
10 64 74 74 29 45
53 55 86 86 55 53
28 41 69 69 40 29
53 3 72 72 3 53
21 77 84 28 20 80
70 7 97 97 7 70
22 45 15 57 3 50
20 27 47 47 2 45
5 77 82 82 44 38
54 10 64 64 39 25
76 12 13 13 12 76
62 42 48 48 42 62
76 59 1 1 59 76
74 16 55 55 16 74
14 87 22 22 87 14
89 9 12 12 9 89
4 98 6 12 76 62
53 24 46 46 24 53
13 92 93 93 92 13
37 47 38 38 47 37
3 81 45 90 63 51
72 77 67 67 77 72
25 73 98 98 69 29
5 98 19 19 98 5
23 93 3 3 93 23
1 57 62 62 57 1
57 18 75 75 73 2
37 36 13 13 36 37
44 27 7 63 89 22
5 8 65 65 8 5
92 15 47 47 15 92
90 93 63 63 93 90
29 81 53 53 81 29
99 80 3 3 80 99
84 88 47 47 88 84
35 9 44 44 5 39
2 86 72 36 26 38
11 43 85 85 43 11
47 82 79 79 82 47
48 60 100 100 60 48
8 30 38 38 22 16