30 27 57 57 27 30
47 18 80 56 33 38
41 12 56 52 15 40
21 68 89 89 68 21
37 4 41 41 4 37
8 9 20 10 12 1
3 26 21 45 18 19
18 3 21 21 3 18
31 6 37 37 6 31
27 4 40 28 13 24
6 34 40 40 34 6
9 12 21 21 12 9
18 19 21 45 3 26
9 20 25 35 16 15
6 22 20 40 14 18
37 9 46 46 9 37
6 8 14 14 8 6
23 4 27 27 4 23
39 2 41 41 2 39
1 13 8 24 7 11
13 30 43 43 30 13
5 10 15 15 10 5
14 22 36 36 22 14
1 21 22 22 21 1
7 38 45 45 38 7
6 39 45 45 39 6
22 14 24 40 2 26
24 8 32 32 8 24
11 39 50 50 39 11
4 18 22 22 18 4
3 26 29 29 26 3
1 46 47 47 46 1
2 20 22 22 20 2
7 14 21 21 14 7
20 9 35 25 15 16
8 5 13 13 5 8
11 10 16 24 5 14
7 16 23 23 16 7
7 3 10 10 3 7
24 17 33 45 9 28
2 26 28 28 26 2
42 2 44 44 2 42
29 15 50 40 21 25
9 21 30 30 21 9
19 17 36 36 17 19
21 18 48 24 27 6
10 25 24 48 14 23
11 4 15 15 4 11
13 5 18 18 5 13
16 33 49 49 33 16
27 3 30 30 3 27
24 7 39 27 15 20