33 2 96 98 63 96
21 47 26 83 5 36
29 45 43 59 14 14
5 33 69 40 64 7
8 61 77 82 69 21
44 17 65 61 21 44
58 60 82 70 24 10
49 53 94 82 45 29
5 15 53 85 48 70
20 11 60 86 40 75
56 1 61 78 5 77
30 73 43 90 13 17
12 7 98 47 86 40
33 40 69 64 36 24
38 49 55 90 17 41
17 35 89 83 72 48
70 4 88 79 18 75
45 1 67 84 22 83
10 13 89 98 79 85
31 54 55 79 24 25
59 29 97 90 38 61
65 19 87 44 22 25
78 53 98 89 20 36
28 52 87 92 59 40
16 52 72 87 56 35
71 31 90 79 19 48
31 52 100 77 69 25
22 7 64 41 42 34
11 4 69 64 58 60
19 6 58 7 39 1
74 56 96 84 22 28
35 40 42 80 7 40
10 89 47 90 37 1
4 44 45 86 41 42
2 47 57 69 55 22
86 21 94 25 8 4
22 20 64 54 42 34
34 43 44 87 10 44
52 24 90 52 38 28
62 8 79 93 17 85
53 18 68 93 15 75
25 33 96 36 71 3
2 2 64 58 62 56
3 20 13 89 10 69
46 88 54 95 8 7
74 1 80 53 6 52
35 29 41 51 6 22
25 41 61 92 36 51
92 49 95 69 3 20
1 56 28 67 27 11
24 9 74 63 50 54
28 49 37 53 9 4
7 38 100 39 93 1
33 59 57 95 24 36
25 2 43 60 18 58
45 65 77 88 32 23
12 35 40 80 28 45
73 8 95 25 22 17
8 28 37 46 29 18
5 27 79 59 74 32
73 51 92 60 19 9
13 48 76 65 63 17
48 71 70 87 22 16
61 18 99 95 38 77
25 44 39 68 14 24
77 16 99 95 22 79
43 4 79 24 36 20
8 3 13 85 5 82
31 12 59 62 28 50
13 37 14 84 1 47
15 31 51 70 36 39
60 37 100 55 40 18
3 27 34 70 31 43
46 20 70 77 24 57
39 31 89 81 50 50
2 19 12 86 10 67