30 38 46 62 40 60
28 75 67 88 9 3
52 2 60 10 2 2
16 10 56 34 95 57
9 27 60 79 56 67
71 51 74 59 33 88
6 3 58 86 32 73
62 37 65 46 5 15
49 98 35 82 25 62
20 80 35 53 33 45
25 75 71 80 50 17
60 90 49 77 47 74
43 86 27 65 7 25
53 31 84 62 90 90
38 19 78 33 20 7
27 24 70 36 34 4
48 32 32 85 26 81
68 34 53 79 25 65
63 90 93 92 72 62
21 58 53 90 79 79
64 90 66 94 35 70
17 38 43 77 50 75
5 56 29 80 38 38
40 32 92 68 57 40
41 65 52 76 26 26
82 82 39 81 29 71
35 69 61 82 94 47
12 81 54 73 50 46
58 2 77 27 48 26
58 7 86 36 56 58
63 9 35 91 28 90
39 32 71 72 40 50
3 1 96 63 27 40
46 58 25 86 2 57
37 75 55 100 72 100
43 57 66 71 46 28
55 80 40 74 7 26
41 53 91 92 100 78
31 31 11 92 6 87
9 12 72 84 69 80
14 24 48 43 41 31
55 34 71 50 82 82
1 2 52 64 40 40
58 31 69 42 41 41
42 7 71 77 11 67
18 54 73 93 57 45
12 12 91 93 23 25
5 75 14 85 27 30
45 48 59 76 7 14
26 37 39 50 53 53
52 40 93 69 80 59
77 77 89 80 58 49
35 35 42 41 6 5
45 63 38 57 28 43
66 22 91 64 73 58
32 72 34 75 12 18
48 86 76 90 7 1
7 79 17 83 30 12
6 60 71 91 70 81
14 84 95 98 82 20
54 2 65 43 38 42
22 55 60 60 46 25
51 34 99 48 96 28
69 93 83 94 98 7
54 54 95 41 92 38
13 9 55 93 44 88
18 59 46 100 56 82
2 39 12 59 16 32
26 18 61 78 49 84
2 10 62 37 80 36
55 75 59 98 8 46
31 1 99 52 8 6
65 18 68 21 84 84
12 46 76 53 70 30
56 14 76 39 44 31
10 30 58 69 96 78
29 20 41 32 35 35
80 20 90 100 6 48
23 63 98 81 50 12
63 56 87 68 42 21
7 47 23 95 33 99
58 6 85 42 33 44
41 41 72 89 52 69
30 33 63 77 21 28
54 81 39 36 27 18
31 1 87 29 14 7
46 2 98 40 26 19
45 80 57 86 22 11
72 38 97 43 45 9
10 78 31 59 26 20
38 15 93 26 60 12
82 82 46 73 6 33
16 41 34 77 14 28
14 28 61 39 43 3
20 9 98 90 52 54
36 18 84 75 68 67
54 27 91 28 43 4
34 33 88 51 93 31
62 66 95 44 64 11
88 66 83 98 79 95
87 50 88 55 9 45